1.276279687881469727e+00
1.373106718063354492e+00
1.472276926040649414e+00
1.571991682052612305e+00
1.671828985214233398e+00
1.771497726440429688e+00
1.872328758239746094e+00
1.971880435943603516e+00
2.024167537689208984e+00
2.124272346496582031e+00
2.222293853759765625e+00
2.323133468627929688e+00
2.422681093215942383e+00
2.523293495178222656e+00
2.624672412872314453e+00
2.722130060195922852e+00
2.821429014205932617e+00
2.872054100036621094e+00
2.973402500152587891e+00
3.073092460632324219e+00
3.173111677169799805e+00
3.273484945297241211e+00
3.374003171920776367e+00
3.471800565719604492e+00
3.571821689605712891e+00
3.671546936035156250e+00
3.771546602249145508e+00
3.872257709503173828e+00
3.972584486007690430e+00
4.022882938385009766e+00
4.122911453247070312e+00
4.223687648773193359e+00
4.322594404220581055e+00
4.423260927200317383e+00
4.523116350173950195e+00
4.623257160186767578e+00
4.724079847335815430e+00
4.822578430175781250e+00
4.923163175582885742e+00
5.023294210433959961e+00
5.122321128845214844e+00
5.172096490859985352e+00
5.272685289382934570e+00
5.373434543609619141e+00
5.473777055740356445e+00
5.571525335311889648e+00
5.673129320144653320e+00
5.773260593414306641e+00
5.873799562454223633e+00
5.973927974700927734e+00
6.075709819793701172e+00
6.172114849090576172e+00
6.273231506347656250e+00
6.372902631759643555e+00
6.472022056579589844e+00
6.572304487228393555e+00
6.671874284744262695e+00
6.773295402526855469e+00
6.872813701629638672e+00
6.972189664840698242e+00
7.072675704956054688e+00
7.172102212905883789e+00
7.272234201431274414e+00
7.372217893600463867e+00
7.473503589630126953e+00
7.571766614913940430e+00
7.671518564224243164e+00
7.772016525268554688e+00
7.871953248977661133e+00
7.971967220306396484e+00
8.022144556045532227e+00
8.122878789901733398e+00
8.222121953964233398e+00
8.322400808334350586e+00
8.422253847122192383e+00
8.523598909378051758e+00
8.622531890869140625e+00
8.724183320999145508e+00
8.821940183639526367e+00
8.921780824661254883e+00
9.021902084350585938e+00
9.121878623962402344e+00
9.172453641891479492e+00
9.273905754089355469e+00
9.374221086502075195e+00
9.473678350448608398e+00
9.573232650756835938e+00
9.672267675399780273e+00
9.773946046829223633e+00
9.873223781585693359e+00
9.972207069396972656e+00
1.007577037811279297e+01
1.017346954345703125e+01
1.027390170097351074e+01
1.032206845283508301e+01
1.042248034477233887e+01
1.052204036712646484e+01
1.062384700775146484e+01
1.072241878509521484e+01
1.082372546195983887e+01
1.092240333557128906e+01
1.102248191833496094e+01
1.112224626541137695e+01
1.122213578224182129e+01
1.132192468643188477e+01
1.142390894889831543e+01
1.152474284172058105e+01
1.162350153923034668e+01
1.172204923629760742e+01
1.182458114624023438e+01
1.192523717880249023e+01
1.202199077606201172e+01
1.212307715415954590e+01
1.222225403785705566e+01
1.232238650321960449e+01
1.242223477363586426e+01
1.252227878570556641e+01
1.262337088584899902e+01
1.272261023521423340e+01
1.282303214073181152e+01
1.292258620262145996e+01
1.302403545379638672e+01
1.312255978584289551e+01
1.322144246101379395e+01
1.332230305671691895e+01
1.342313265800476074e+01
1.352279806137084961e+01
1.362304425239562988e+01
1.372360134124755859e+01
1.382200193405151367e+01
1.392386317253112793e+01
1.402320718765258789e+01
1.412387776374816895e+01
1.422432541847229004e+01
1.432180261611938477e+01
1.442141580581665039e+01
1.452141642570495605e+01
1.462178277969360352e+01
1.472160410881042480e+01
1.482341814041137695e+01
1.492173790931701660e+01
1.502441811561584473e+01
1.512388134002685547e+01
1.522196674346923828e+01
1.532187008857727051e+01
